625
528 503
565 540
602 577
14 614
51 26
88 63
125 100
162 137
199 174
236 211
273 248
310 285
347 322
384 359
421 396
458 433
495 470
532 507
569 544
606 581
18 618
55 30
92 67
129 104
166 141
203 178
240 215
277 252
314 289
351 326
388 363
425 400
462 437
499 474
536 511
573 548
610 585
22 622
59 34
96 71
133 108
170 145
207 182
244 219
281 256
318 293
355 330
392 367
429 404
466 441
503 478
540 515
577 552
614 589
26 1
63 38
100 75
137 112
174 149
211 186
248 223
285 260
322 297
359 334
396 371
433 408
470 445
507 482
544 519
581 556
618 593
30 5
67 42
104 79
141 116
178 153
215 190
252 227
289 264
326 301
363 338
400 375
437 412
474 449
511 486
548 523
585 560
622 597
34 9
71 46
108 83
145 120
182 157
219 194
256 231
293 268
330 305
367 342
404 379
441 416
478 453
515 490
552 527
589 564
1 601
38 13
75 50
112 87
149 124
186 161
223 198
260 235
297 272
334 309
371 346
408 383
445 420
482 457
519 494
556 531
593 568
5 605
42 17
79 54
116 91
153 128
190 165
227 202
264 239
301 276
338 313
375 350
412 387
449 424
486 461
523 498
560 535
597 572
9 609
46 21
83 58
120 95
157 132
194 169
231 206
268 243
305 280
342 317
379 354
416 391
453 428
490 465
527 502
564 539
601 576
13 613
50 25
87 62
124 99
161 136
198 173
235 210
272 247
309 284
346 321
383 358
420 395
457 432
494 469
531 506
568 543
605 580
17 617
54 29
91 66
128 103
165 140
202 177
239 214
276 251
313 288
350 325
387 362
424 399
461 436
498 473
535 510
572 547
609 584
21 621
58 33
95 70
132 107
169 144
206 181
243 218
280 255
317 292
354 329
391 366
428 403
465 440
502 477
539 514
576 551
613 588
25 0
62 37
99 74
136 111
173 148
210 185
247 222
284 259
321 296
358 333
395 370
432 407
469 444
506 481
543 518
580 555
617 592
29 4
66 41
103 78
140 115
177 152
214 189
251 226
288 263
325 300
362 337
399 374
436 411
473 448
510 485
547 522
584 559
621 596
33 8
70 45
107 82
144 119
181 156
218 193
255 230
292 267
329 304
366 341
403 378
440 415
477 452
514 489
551 526
588 563
0 600
37 12
74 49
111 86
148 123
185 160
222 197
259 234
296 271
333 308
370 345
407 382
444 419
481 456
518 493
555 530
592 567
4 604
41 16
78 53
115 90
152 127
189 164
226 201
263 238
300 275
337 312
374 349
411 386
448 423
485 460
522 497
559 534
596 571
8 608
45 20
82 57
119 94
156 131
193 168
230 205
267 242
304 279
341 316
378 353
415 390
452 427
489 464
526 501
563 538
600 575
12 612
49 24
86 61
123 98
160 135
197 172
234 209
271 246
308 283
345 320
382 357
419 394
456 431
493 468
530 505
567 542
604 579
16 616
53 28
90 65
127 102
164 139
201 176
238 213
275 250
312 287
349 324
386 361
423 398
460 435
497 472
534 509
571 546
608 583
20 620
57 32
94 69
131 106
168 143
205 180
242 217
279 254
316 291
353 328
390 365
427 402
464 439
501 476
538 513
575 550
612 587
24 624
61 36
98 73
135 110
172 147
209 184
246 221
283 258
320 295
357 332
394 369
431 406
468 443
505 480
542 517
579 554
616 591
28 3
65 40
102 77
139 114
176 151
213 188
250 225
287 262
324 299
361 336
398 373
435 410
472 447
509 484
546 521
583 558
620 595
32 7
69 44
106 81
143 118
180 155
217 192
254 229
291 266
328 303
365 340
402 377
439 414
476 451
513 488
550 525
587 562
624 599
36 11
73 48
110 85
147 122
184 159
221 196
258 233
295 270
332 307
369 344
406 381
443 418
480 455
517 492
554 529
591 566
3 603
40 15
77 52
114 89
151 126
188 163
225 200
262 237
299 274
336 311
373 348
410 385
447 422
484 459
521 496
558 533
595 570
7 607
44 19
81 56
118 93
155 130
192 167
229 204
266 241
303 278
340 315
377 352
414 389
451 426
488 463
525 500
562 537
599 574
11 611
48 23
85 60
122 97
159 134
196 171
233 208
270 245
307 282
344 319
381 356
418 393
455 430
492 467
529 504
566 541
603 578
15 615
52 27
89 64
126 101
163 138
200 175
237 212
274 249
311 286
348 323
385 360
422 397
459 434
496 471
533 508
570 545
607 582
19 619
56 31
93 68
130 105
167 142
204 179
241 216
278 253
315 290
352 327
389 364
426 401
463 438
500 475
537 512
574 549
611 586
23 623
60 35
97 72
134 109
171 146
208 183
245 220
282 257
319 294
356 331
393 368
430 405
467 442
504 479
541 516
578 553
615 590
27 2
64 39
101 76
138 113
175 150
212 187
249 224
286 261
323 298
360 335
397 372
434 409
471 446
508 483
545 520
582 557
619 594
31 6
68 43
105 80
142 117
179 154
216 191
253 228
290 265
327 302
364 339
401 376
438 413
475 450
512 487
549 524
586 561
623 598
35 10
72 47
109 84
146 121
183 158
220 195
257 232
294 269
331 306
368 343
405 380
442 417
479 454
516 491
553 528
590 565
2 602
39 14
76 51
113 88
150 125
187 162
224 199
261 236
298 273
335 310
372 347
409 384
446 421
483 458
520 495
557 532
594 569
6 606
43 18
80 55
117 92
154 129
191 166
228 203
265 240
302 277
339 314
376 351
413 388
450 425
487 462
524 499
561 536
598 573
10 610
47 22
84 59
121 96
158 133
195 170
232 207
269 244
306 281
343 318
380 355
417 392
454 429
491 466
436 69
409 551
192 300
303 140
392 3
579 326
155 327
604 417
425 507
173 283
197 213
64 492
412 322
607 555
474 558
114 148
557 493
196 90
11 351
18 419
469 226
25 535
329 367
367 358
29 223
563 608
223 164
7 148
171 216
372 320
250 568
177 300
554 255
253 570
39 281
321 191
566 455
316 422
604 375
370 432
561 428
395 74
538 192
132 583
191 108
581 424
29 84
560 609
606 31
521 459
402 381
444 413
407 113
608 182
144 81
530 150
480 51
253 303
205 531
27 621
402 327
459 313
42 399
439 290
54 434
454 171
554 101
331 493
26 14
399 591
464 249
430 293
124 37
438 182
115 472
400 458
113 514
402 537
167 600
429 19
233 37
575 599
4 129
523 165
405 399
154 417
213 483
569 195
460 439
547 327
372 544
171 208
614 145
319 161
120 81
492 84
492 54
601 105
612 210
602 535
438 400
55 157
595 171
589 358
163 99
315 175
523 14
311 617
393 508
563 285
514 622
52 257
605 501
591 451
326 179
441 229
592 336
103 175
63 258
525 462
310 194
23 63
55 433
322 576
225 22
158 320
448 37
176 547
554 387
219 447
389 178
408 176
394 259
539 166
454 108
282 411
209 486
90 297
79 113
405 246
162 474
141 360
224 82
551 447
19 329
126 326
530 541
435 177
421 260
71 317
535 336
375 550
218 572
231 514
613 275
6 318
260 157
16 366
518 320
530 618
444 256
147 73
431 353
324 155
310 163
453 567
276 78
41 83
482 611
299 218
276 355
329 49
56 528
254 153
71 98
382 172
369 34
561 165
556 447
168 257
21 252
452 301
327 448
58 530
423 74
170 540
548 198
254 476
443 277
99 28
396 1
144 14
519 512
433 206
391 407
351 331
551 429
427 531
245 150
449 510
513 142
381 182
158 160
521 54
239 8
604 254
561 79
144 329
475 78
101 177
612 532
298 245
197 546
556 465
63 274
74 320
386 581
242 621
492 381
171 268
345 160
243 438
518 383
580 72
39 603
143 551
292 484
133 193
487 277
313 7
596 444
265 175
101 571
349 382
491 364
3 544
518 382
332 258
172 212
66 297
254 145
229 303
13 232
590 389
555 75
254 165
112 272
43 93
448 275
71 140
401 225
163 213
315 56
233 496
529 116
530 407
611 551
371 456
310 358
296 327
585 330
14 143
59 404
174 112
448 316
165 16
421 387
463 399
330 159
390 28
354 110
224 29
605 72
502 331
421 80
